1.000361728835520436e+00 -5.466408035197337828e-07 -3.711485921892469724e-07 -1.317640546481769689e-06 5.165795974780347244e-01 5.165095505976012857e-01 5.164063799983114045e-01 5.164357358210062143e-01
-5.466408035197337828e-07 1.002962438713115079e+00 8.708688855576206298e-07 -8.409837369690914044e-07 -4.029246540047579355e-04 4.080397390542850888e-01 -3.850495238717389634e-01 -2.339752097091972460e-02
-3.711485921892469724e-07 8.708688855576206298e-07 1.002961075809876590e+00 -1.484861810565153536e-07 -1.612335908525564356e-04 2.088335833115209927e-01 2.486862485753824348e-01 -4.577642148270186784e-01
-1.317640546481769689e-06 -8.409837369690914044e-07 -1.484861810565153536e-07 1.002965999089782567e+00 4.864368444105797717e-01 -1.627560827935031484e-01 -1.626489546607628178e-01 -1.627177625707479647e-01
5.165795974780347244e-01 -4.029246540047579355e-04 -1.612335908525564356e-04 4.864368444105797717e-01 9.971078347473820713e-01 2.382861656687014218e-01 2.385694653890901851e-01 2.385244195048299154e-01
5.165095505976012857e-01 4.080397390542850888e-01 2.088335833115209927e-01 -1.627560827935031484e-01 2.382861656687014218e-01 9.971090461883905798e-01 2.388046152967837066e-01 2.388651286027818899e-01
5.164063799983114045e-01 -3.850495238717389634e-01 2.486862485753824348e-01 -1.626489546607628178e-01 2.385694653890901851e-01 2.388046152967837066e-01 9.971107489452166739e-01 2.390851182107697204e-01
5.164357358210062143e-01 -2.339752097091972460e-02 -4.577642148270186784e-01 -1.627177625707479647e-01 2.385244195048299154e-01 2.388651286027818899e-01 2.390851182107697204e-01 9.971103016938416275e-01
