-1.230457452899226922e+01 2.461097626843634055e-03 1.024353623156085092e-03 5.994357357201164985e-03 -8.099235437893693046e+00 -8.099444730682304083e+00 -8.098618734760773208e+00 -8.098921050389485288e+00
2.461097626843634055e-03 -3.903318191222139077e+00 -1.883527598483116438e-03 1.902492170163611702e-03 5.401719301928876137e-03 -3.973743227567772429e+00 3.751282758267441064e+00 2.291999962427850035e-01
1.024353623156085092e-03 -1.883527598483116438e-03 -3.898791827681362676e+00 3.791050635395002907e-04 2.031152895856156663e-03 -2.033836306246684877e+00 -2.421272884574021234e+00 4.458251733612278223e+00
5.994357357201164985e-03 1.902492170163611702e-03 3.791050635395002907e-04 -3.909768420154751123e+00 -4.736820305173484513e+00 1.588889409180973100e+00 1.587153738805904268e+00 1.587987597585734489e+00
-8.099235437893693046e+00 5.401719301928876137e-03 2.031152895856156663e-03 -4.736820305173484513e+00 -5.594279399431335342e+00 -3.579592125765700406e+00 -3.582475125341145539e+00 -3.581944992880339740e+00
-8.099444730682304083e+00 -3.973743227567772429e+00 -2.033836306246684877e+00 1.588889409180973100e+00 -3.579592125765700406e+00 -5.596131728277830675e+00 -3.585234431958875145e+00 -3.585789120006212194e+00
-8.098618734760773208e+00 3.751282758267441064e+00 -2.421272884574021234e+00 1.587153738805904268e+00 -3.582475125341145539e+00 -3.585234431958875145e+00 -5.595011868881083927e+00 -3.588018633543848868e+00
-8.098921050389485288e+00 2.291999962427850035e-01 4.458251733612278223e+00 1.587987597585734489e+00 -3.581944992880339740e+00 -3.585789120006212194e+00 -3.588018633543848868e+00 -5.593718338714182892e+00
