-1.235346925763015236e+01 -5.235155605364035791e-01 -8.073491908866927691e-01 2.745550922364717317e-01 -6.191761621006270033e+00 -3.196307049120166166e-01 -4.850677444637773172e-01 1.653768271362530129e-01 3.970093489996570635e-02 4.779663936589428896e-01 -1.225129560767776349e+00 1.903637203541683753e+00 3.274781002782958250e+00 -7.533768650022616420e+00 -3.798162642340301876e+00 6.047369572479150079e+00 -1.830817687357174872e+00 -3.811156705857790428e+00 -2.381553806787201744e+00 3.921640443381737562e+00 -1.189500018583350638e+00 -5.170130067135150220e-01 1.775115823751981736e+00 -1.437450320733419940e+00 1.108289186576734808e+00 7.880238120954354830e-01 -1.765634122320891342e+00 1.439498423087137990e-01 2.896373705842731905e+00 -9.277514049136303953e-01 -5.506306067192324738e-01 4.700271626330680685e-02 1.126359855932601128e+00 -3.606079733893212680e-01 6.535493798271807542e-02 -1.993244461201220119e-01 -1.335507145667690354e+00 7.952471256559966450e-01 -9.239098134136455864e-02 -8.104906473340577344e-01 8.713757614321163691e-01 1.411567512068646613e+00 -4.715557658653844464e-01 -2.060982995069389756e-01 2.523375479592238069e-01 4.088646782320996542e-01 -1.366055452731779196e-01 1.621385736570598313e-01 -4.767051851332901324e-01 -3.613987700370723255e-01 2.916035713072065438e-01 1.552908116766038848e-01 -1.817222326031354696e+00 2.636452163662922565e+00 1.548821738014133587e+00 -5.635975993642754478e-01 -5.717320802266430135e-01 1.039652841959179286e+00 6.016590945748723218e-01 -2.194175719516261169e-01 4.356759486881966459e-01 -1.203704712033033974e+00 1.266173317568976275e-01 2.911897815704140302e-01 9.284618699101818695e-01 -7.579511300002866214e+00 7.386520980540175252e+00 -3.299709388692482759e-01 -9.554167262924222193e-02 -3.838835321453536675e+00 4.760235554675862346e+00 -1.470893348121695143e-01 -8.262713359255617618e-02 8.611135994282512196e-02 1.596763388955635132e-01 1.032861750074583584e+00 2.403911970210545757e-01 2.481130635625947267e+00 -2.916932722339516282e+00 -1.155857698719568560e+00 -1.918427860808493035e+00 1.035733736296253982e+00 -2.826702187478249417e-01 -1.022076983774226067e-01 -4.809167239726123110e-03 9.914403750446059913e-03 1.599649344084277947e-02 -5.345011911467592580e-03 -3.496476125293992432e-01 -4.006768274494326015e-02 1.245868820190725590e-01 5.413235027662494092e-02 -2.064707167440659949e-02 -2.918424927252918799e+00 -1.155358916782200929e+00 1.870896171531185814e+00 -1.116159847316899212e+00 3.027621765733168324e-01 -8.576970093342806578e+00 -4.992164650177675966e+00 -2.117597888577985810e+00 -3.379921795739768697e+00 1.134458884681260882e+00 -3.377840004777358796e-01 -3.788772622118828648e-02 -9.815740907687621128e-03 1.240757468440333439e-01 -3.933425066680715232e-02
-5.235155605364035791e-01 -5.944833720855858594e+00 3.186719061723446988e-01 2.769141419642864518e-02 -1.723481576045658159e-01 -3.583481870506111555e+00 1.870745404695959013e-01 2.415149621789275738e-02 3.230581996698518310e-01 -6.330227755974232595e-01 3.152584657902347320e+00 -1.035768021844831521e+00 2.543032968730713161e+00 3.366517174397255729e+00 -2.232822711271728711e+00 -2.551503511850865102e+00 7.981292919651935547e-01 2.204345782470468418e+00 -1.158762137335309195e+00 -2.369119068614047752e+00 7.264061847363625368e-01 -2.034537675378105537e-01 6.276553565334039853e-01 7.537992060243495773e-01 -3.585615738367071148e-01 2.754060878805554835e-01 9.411275888722174521e-02 -1.128268743159110521e+00 -1.751904492383065670e-01 6.586931726192124525e-02 -1.579516413230146882e-02 -4.404614688708484715e-01 -2.625690686583110126e-02 9.266974978771420554e-03 -2.045623423139318608e-01 6.581027216943411418e-01 1.268746206830687895e-01 -5.627544164996677034e-02 6.433176913328959856e-02 -8.719077044115334241e-01 4.469086732908900128e-02 1.250807557802664949e+00 -4.087329878723236498e-01 -3.415050347244156237e-01 1.078546701978779776e-01 5.537581993170562766e-01 -1.833492482773595167e-01 6.786395380740654903e-03 -8.443729093833793678e-03 -5.485458503710178846e-01 3.281161674873183109e-01 -4.341132254661143192e-02 -2.757822298873009892e+00 2.326485687098208022e+00 2.092185161948151073e+00 -7.485973522441348171e-01 -1.182878480202803617e+00 1.425148360259098856e+00 1.092913765858222863e+00 -3.972964077109426007e-01 5.440493539435601322e-01 -1.509738625574685411e+00 -3.773339031769702423e-01 5.840845299677256408e-01 8.175714563822580327e-01 -7.390809409810199071e+00 3.126177456427379209e+00 -3.710763699734290766e-01 -4.500990934566905660e-02 -4.613744047208740540e+00 3.363528429091922511e+00 -2.384762571145284671e-01 -7.828423080537368073e-02 5.433499226368131152e-02 -1.224861236422110236e-03 -6.917584138835874974e-01 5.452779890122003703e-01 3.550802920276828756e-01 2.621436058631741783e+00 1.582761718512632809e+00 1.888015776256715794e+00 -9.590651865772270579e-01 2.430151936604684204e-01 -1.623407979113978827e-01 -2.344105472063171339e-02 2.631002098577638060e-02 6.519777776716595419e-02 -2.177403232543340464e-02 -7.732428952090187879e-01 -1.957678133509861973e-01 4.454698522915345182e-01 1.896212594345981217e-01 -7.445118523453249371e-02 -3.373265099383820687e+00 -1.840633634489005299e+00 1.897895934286871755e+00 -1.830297849985569547e+00 5.105926686009895077e-01 2.379340889615078947e+00 2.054587673295450667e+00 -9.716399958133195014e-01 5.863041329558769110e-01 -1.886198528344801839e-01 1.268949337379287612e-01 3.285130330444890195e-02 -4.040022611357724225e-02 -8.930363743158911682e-02 2.797742297860604521e-02
-8.073491908866927691e-01 3.186719061723446988e-01 -5.174486033189819700e+00 1.284385862457099847e+00 -2.567741888047221921e-01 1.870747684324935989e-01 -3.100998032211801370e+00 8.376307845431831822e-01 -1.035756677466404874e+00 2.837105808905188820e+00 -1.054530150804067201e+00 3.114693411634731901e-01 1.412023726903662197e-04 -6.261222062387765241e+00 -3.126615658084888505e+00 1.116626620875182052e+00 -1.184008516538959999e+00 -3.853933880553326308e+00 -2.562236058775269942e+00 1.538434258637332297e+00 -1.154628695540977246e+00 -9.603388745969289320e-02 -1.492570234861133049e-01 4.210052209247133748e-01 4.014369702921092298e-01 8.976616554038305829e-01 -2.900163545995817493e+00 2.517378527450391812e-01 3.036220612734310098e+00 -1.212433398726015188e+00 -1.266213066097359619e+00 9.799837352230408860e-02 1.793479939802024692e+00 -7.038232073030089575e-01 2.045567727492045296e-01 -4.906647858679239471e-01 -1.387947005933942046e+00 1.140402190590735776e+00 7.691162518971483841e-02 -1.409979122320321965e+00 1.247563144094692822e+00 1.322917611318537245e+00 -5.759263795472820968e-01 -5.526258153814868068e-01 5.524901567520378309e-01 6.666864963580548809e-01 -2.815061013238396859e-01 2.197683080045659543e-01 -4.716317090835925874e-01 -1.388844767104424061e-01 3.327720384741988946e-01 3.975559921955701959e-01 -1.340742863522373929e+00 1.647122652424509504e+00 -1.200258806251081195e-01 -2.481951765966116941e-01 -6.382835908245098056e-01 9.566075913493874427e-01 1.065199538683499203e-01 -1.922521245231011144e-01 2.753163843994788085e-01 -2.129896287614965744e-01 3.098552780343734048e-01 2.137598392072742604e-01 6.748113684173195903e-01 -1.481038021563409190e-01 2.165392651021443848e-01 -3.815658614320853292e+00 2.947491826378196844e-01 2.074112467204902027e-02 -3.313568795559093672e-02 -2.621459092711117211e+00 1.003445957858689064e-01 -3.118879233407613125e-02 1.200333512760176857e+00 -2.112136297798592188e-01 7.160342898947777424e-02 4.493577589191052879e-02 -2.303783922293487940e+00 -1.181002693556625349e+00 -1.834825218855731244e+00 2.230809039011831807e-01 -2.332441092404644312e-01 -2.612419605475836959e-01 -3.769689596413390575e-02 6.479737230485321797e-02 9.092034985887952059e-02 -3.483084067295792036e-02 -2.625585517338888120e-01 -6.532238118405256366e-02 1.633587762340790173e-01 7.043335267280263420e-03 -2.656844999931325807e-02 1.106653000746032234e+00 7.691432023047385380e-01 -9.679014657665450105e-01 2.226324208794985826e-01 -2.512169032315360595e-01 3.798602890314622726e+00 3.279312656563845074e+00 5.866980970781529026e-01 -3.754712117074190392e-01 -2.241128963762541448e-01 -7.544011168096567133e-01 -1.878927342959974545e-01 -6.300348387200212230e-02 4.400276525060224375e-01 -1.577236771313891839e-01
2.745550922364717317e-01 2.769141419642864518e-02 1.284385862457099847e+00 -1.532975719203343523e+00 8.777848492302718630e-02 2.415140365771720546e-02 8.376308140664392443e-01 -7.280021560257410318e-01 -8.026070982569440126e-02 -1.035754919050029477e+00 -9.582146494652804547e-02 -6.326714554445764804e-01 1.543995412510834608e-01 1.911260649135400280e+00 9.822251554955647723e-01 -1.199889005028208055e+00 -2.491381104923902523e+00 1.172840277910003115e+00 7.882411607738148973e-01 -1.159991074945879497e+00 -1.939010842635215726e+00 -5.811945818422175059e-01 -1.410875580467578494e-01 3.262698507366824097e-01 6.673540803728954529e-01 -5.396501494467884630e-01 9.229081721006411332e-01 -7.034490805100208910e-02 -1.201548427891294901e+00 -3.582049391684876127e-01 4.043566446655021407e-01 -3.037585288900076716e-02 -7.004669930037107362e-01 -1.799232396187448457e-01 3.898943201445515677e-02 1.888496731160984876e-01 7.821668075452342661e-01 1.935546721341807053e-01 -2.293339719695747514e-01 4.718298708305384559e-01 -4.087510443239731339e-01 -5.777111729393007433e-01 -1.932553989674520023e-01 1.848079391615013167e-01 -1.832397992915522078e-01 -2.820151088594012312e-01 -7.926962315610000531e-02 7.244329396032704593e-02 2.026973926198217535e-01 1.882450530508927022e-01 9.565536057687680505e-02 -2.077122686055296874e-01 5.010702476919670634e-01 -6.077827875640272604e-01 -2.606081195234181136e-01 -6.619221559697832102e-01 2.349426823012170928e-01 -3.540105077773890163e-01 -1.959682044415056168e-01 -3.448975970256704660e-01 4.220609534608791846e-01 2.873023738239269265e-01 1.299684807140325526e-01 2.682130528313594886e-01 -3.914586099541671471e-01 2.486389229574157700e-01 -2.330262298409773725e-01 3.107507663415824406e-01 -2.963273380787439848e+00 1.189005730724661120e-01 -1.438300373722413705e-01 1.059343859034935498e-01 -2.337904462190128374e+00 1.102740795859255662e+00 -3.702417864502052791e-02 2.814379158126556479e-02 -1.411964731150253671e-01 -5.039907701842886306e-02 6.689116931564863533e-01 3.371021804081933970e-01 5.211626637113421223e-01 -2.543437134711925007e-01 -5.832380311012409502e-01 8.734404990622884890e-02 1.258887254389609578e-02 -2.162411783870660589e-02 -3.480479647927867820e-02 -1.636442750623812994e-03 1.048483630841675202e-01 2.624252907224100539e-02 -6.618869079651976128e-02 -2.733264253412670541e-02 -5.182000836383607312e-02 -2.589113655857384066e-01 -1.936125632151902698e-01 2.374758854097359095e-01 -2.278432613696198261e-01 -5.875530165927176363e-01 -1.273273965794531781e+00 -1.099939973286831130e+00 -1.881470419889269274e-01 -2.231472931039678032e-01 -9.529390109391950858e-01 2.373302905351174497e-01 5.906784985546395528e-02 1.958165733546178219e-02 -1.569855890203541160e-01 -1.013309681189846628e-02
-6.191761621006270033e+00 -1.723481576045658159e-01 -2.567741888047221921e-01 8.777848492302718630e-02 -2.470899287209202377e+00 -1.482958679367241961e-01 -2.202620810272985508e-01 7.524059804435760668e-02 1.960156896533356286e-02 1.982141030631590917e-01 -5.286012491671189251e-01 8.210300754247970012e-01 1.411168449712461914e+00 -3.814102707889008403e+00 -2.271575984871787135e+00 3.825285918393210860e+00 -1.161542499749529611e+00 -1.892326510009026741e+00 -1.445754024905515633e+00 2.460051782466655013e+00 -7.473849540338423081e-01 -1.930627987008810831e-01 6.434306662111317632e-01 -4.649091169016896785e-01 3.309955886877892217e-01 1.835065218778225427e-01 -5.505663166273913056e-01 5.989171196158428641e-03 1.266249875656407786e+00 -4.041152634168242996e-01 -6.229546040654662664e-02 -1.074286597558967056e-02 3.297463910890347516e-01 -1.049182263778647844e-01 -8.883743629756102669e-03 2.323053088133542055e-02 -8.094459370556978950e-01 4.610487279000128891e-01 -1.017342456661298744e-01 -2.063884584870482597e-01 3.418645537135506229e-01 5.533921059606248249e-01 -1.849839388244430283e-01 -4.847900508470740812e-03 3.725739148943349455e-02 6.029595144018325831e-02 -2.015738893969135428e-02 6.481202370544547620e-02 -1.937518782170291054e-01 -1.366826902297608448e-01 1.052623856222158899e-01 4.301204482832493570e-02 -5.722539149908526523e-01 1.188496271572565988e+00 6.315888330255193805e-01 -2.329309477474252876e-01 -6.816187807736628912e-02 3.246106527012336818e-01 1.589009286188239334e-01 -5.930635094865758378e-02 2.497915360352429004e-01 -6.775094729084492062e-01 2.115310727119676104e-01 1.106873191436246739e-01 6.148212700480720772e-01 -3.839210112809435138e+00 4.612288196278017338e+00 -9.383942450015633763e-02 -9.550355129380572183e-02 -1.907939111473901050e+00 2.963937698607195692e+00 -4.802830551494872979e-02 -6.535029346502733982e-02 2.223426458756687721e-02 6.343240058244817292e-02 4.165655928216389636e-01 1.852945238164278863e-02 7.784926797587994329e-01 -1.208221560885408108e+00 -3.421125504759451319e-01 -8.946053207052994116e-01 6.516619687436480124e-01 -1.855067871236866783e-01 -1.187555318462433195e-02 -1.078862836385946047e-08 2.771136059229801130e-05 4.463747011098139964e-05 -1.490593531301476925e-05 -7.389623924765911789e-02 -1.612132929550293516e-04 1.974437021980734834e-03 4.977100226241487060e-04 -2.131006308614744450e-04 -1.207692344542343310e+00 -3.410724729425748114e-01 1.024877175848249333e+00 -4.387012566712326089e-01 1.111126417906900810e-01 -5.028702429476006763e+00 -2.904696354133715186e+00 -9.381122045239109752e-01 -1.497118567472205397e+00 5.024879774663140175e-01 -7.034816894803168352e-02 -1.516186080987490194e-04 -4.372722262446604273e-04 1.686906319866695366e-03 -5.272590436037943775e-04
-3.196307049120166166e-01 -3.583481870506111555e+00 1.870747684324935989e-01 2.415140365771720546e-02 -1.482958679367241961e-01 -1.612632606897367094e+00 1.533916485173242583e-01 1.509246408519433237e-02 2.191645831509927422e-01 -4.076028174766583301e-01 2.319559665986772767e+00 -7.677870644237617670e-01 1.854281033991442618e+00 2.223646821481439773e+00 -1.277219440078778856e+00 -2.298020960834887383e+00 7.073128088862283835e-01 1.425157212352995861e+00 -4.983379159538709469e-01 -1.946506965911783738e+00 5.931840618811093924e-01 -2.580832348337504523e-01 8.583868057424887121e-01 4.275230035380004900e-01 -6.885360140328081191e-02 5.532286180570721301e-01 2.772077519408789811e-02 -4.408943406917981700e-01 -5.935801414577472623e-02 1.995112731104192738e-02 -1.639250707161062082e-02 -9.129025371756178953e-02 1.750193430869974309e-02 -6.667143407063091942e-03 -1.111259975803144673e-01 3.578947319477299716e-01 2.993960082752637406e-02 7.305863597620438873e-05 4.030980989196200626e-02 -2.530666232195749599e-01 1.089813283087531781e-01 5.545793352542246479e-01 -1.837777418256716089e-01 -3.724393934771448589e-02 6.140946082497143743e-02 1.494812607720772679e-01 -4.989829319788235268e-02 7.264680302175625937e-02 -2.174650160698328449e-01 -3.030759797961485869e-01 1.954416312147103929e-01 -3.390375610785175634e-03 -1.080336768283523652e+00 1.457734307947493368e+00 1.075414740155463011e+00 -3.926154314557634417e-01 -3.110228745544861284e-01 7.542819978261589009e-01 4.489865645422529417e-01 -1.669496851564952478e-01 4.517151408936807555e-01 -1.235311294288712558e+00 1.726536404939003622e-01 2.360518766857392925e-01 8.225854461008458296e-01 -4.761633960649719555e+00 3.367484835117664055e+00 -1.098301088466109854e-01 -1.194555739351085832e-01 -2.964260532628147704e+00 3.225657057988001508e+00 -9.246932354774084484e-02 -1.015949355748696492e-01 -2.641217463975625498e-02 3.899068094075141405e-02 -5.180456496971541647e-01 5.185497625055497661e-02 -7.441646712938696506e-01 1.466095908756420041e+00 7.430704979627920093e-01 1.382855736327034846e+00 -1.144793486067414490e+00 3.198740921033650930e-01 -2.582509996924615969e-02 -1.218736164137595395e-06 3.222034419348206256e-04 5.975706262822758899e-04 -1.994786044208181135e-04 -1.909087177089386078e-01 -5.647551908889146891e-03 2.642515966275894509e-02 8.573412021379398992e-03 -3.506581347060090670e-03 -1.731431466846908629e+00 -8.106524492008396754e-01 1.760195143822495867e+00 -9.416004088923483062e-01 2.386409483302761037e-01 2.081288993487687478e+00 1.656707406492187395e+00 -1.311592138853086231e+00 1.224309039235384894e-01 -3.512351663664101120e-02 2.878902637455769270e-02 8.770633203056413599e-04 -4.760762549838929683e-04 -2.717915201557791292e-03 8.454719449708389747e-04
-4.850677444637773172e-01 1.870745404695959013e-01 -3.100998032211801370e+00 8.376308140664392443e-01 -2.202620810272985508e-01 1.533916485173242583e-01 -1.231368425152115975e+00 6.352766134695605471e-01 -7.677784135829606171e-01 2.144213532407004852e+00 -7.126144241471462637e-01 2.131357730294567987e-01 1.271063085200355245e-03 -4.001822957171015993e+00 -2.504248444598050405e+00 1.640383387084497491e+00 -1.189325578455439514e+00 -2.469021922179019946e+00 -2.009887569315954359e+00 1.758124656459572499e+00 -1.012519975062462496e+00 -5.160672834419276905e-02 -2.890191650234656962e-01 9.042680459060056242e-01 -1.746075663650341614e-01 1.835522117129774755e-01 -1.127530304788042503e+00 6.529495955562783505e-02 1.794372836421495032e+00 -7.031865653404680838e-01 -3.294223319020991303e-01 -1.198053712667246319e-03 8.888596367758080374e-01 -3.262082473820888673e-01 2.156268956389512451e-02 -4.240628313963303031e-02 -1.348101682738166662e+00 9.352725955402829694e-01 -2.454814724915104496e-01 -4.094013362902181874e-01 5.539686590015954204e-01 6.682839818709382929e-01 -2.823720133758834683e-01 -6.026328454494447179e-02 1.493805808184531236e-01 2.111493684633877765e-01 -8.010938403142101039e-02 1.899567242158477498e-01 -4.921591484698334962e-01 -2.519990300451789844e-01 2.654948229017743966e-01 1.352274324129421890e-01 -5.348887778408109028e-01 9.421915745325110114e-01 7.879118952083630223e-02 -1.830671360004855197e-01 -1.815730450184359912e-01 4.627783777167676083e-01 1.431645170762857744e-01 -1.026581837623966181e-01 2.856643481905844495e-01 -3.440678644506527384e-01 3.852797225248707491e-01 9.911546654513503363e-02 6.019288850165752658e-01 -3.117513777396129296e-02 9.796542279139304477e-02 -2.624946940182277810e+00 9.831961663248080241e-02 2.529539182146003581e-02 -2.609976523985839750e-02 -1.658725787113261907e+00 2.158727556262219141e-02 -6.865189296776498529e-02 1.182460360318998260e+00 -3.659325825594909182e-02 8.907792620499094586e-05 6.406856830231735800e-02 -1.120701762755190956e+00 -4.977916620960282090e-01 -1.141002194775033507e+00 4.871933649872556282e-01 -2.652168333607044515e-01 -4.155372998662400924e-02 -1.539534351920361042e-06 5.957293824772880424e-04 9.132073439802991868e-04 -3.198702069987876704e-04 -6.712066186826647074e-02 -1.893939316051899361e-03 1.110815024207004870e-02 2.285860634748078553e-03 -1.549381628846641058e-03 6.986250937869736832e-01 3.878173446067575414e-01 -9.540913066600265058e-01 1.440743893753655969e-01 -1.574621648945425945e-01 3.324842103439573648e+00 2.644421459267331187e+00 1.229831263693082904e-01 -1.172084391773598355e+00 3.107212080451319256e-05 -1.851673935829412365e-01 -5.000817550660672725e-03 -5.076815039455848458e-03 2.460319531350168773e-02 -8.189469672277464168e-03
1.653768271362530129e-01 2.415149621789275738e-02 8.376307845431831822e-01 -7.280021560257410318e-01 7.524059804435760668e-02 1.509246408519433237e-02 6.352766134695605471e-01 5.694191911516857108e-01 -1.907223148791958867e-02 -7.677770951654395715e-01 -5.642888855021094968e-02 -4.050094241228197611e-01 9.172423109602674540e-02 1.219609428774075521e+00 7.733684579212989352e-01 -1.195091126620641431e+00 -1.928862800055430204e+00 7.509969056118168673e-01 6.134540636421622617e-01 -1.014238493144230091e+00 -1.270397190733247639e+00 -4.651597917360771883e-01 -6.349870438978258425e-02 1.382088888889128619e-01 7.733937717925870592e-01 -3.009342773040799557e-01 3.590593367271458503e-01 -1.982017953172391517e-02 -7.000053886809782799e-01 -1.803572544449475734e-01 1.054996391187997123e-01 -6.999883245535265443e-04 -3.265912181602129705e-01 -2.917768569561543512e-02 2.856002626274227116e-02 2.858609708506230224e-02 6.996636981154211732e-01 1.406190253005661639e-01 -8.069982071797050793e-02 1.369439242248799427e-01 -1.838023905245868561e-01 -2.827423465674629988e-01 -7.923120966236331386e-02 2.014828216307745432e-02 -4.988000878535637367e-02 -8.013427094523628558e-02 -1.570315453899832295e-03 1.088705424180327376e-02 1.890988884751119425e-01 1.544085343133403398e-01 1.783031569014312256e-02 -8.507966303344492720e-02 1.993830591349568804e-01 -3.505973638658164138e-01 -1.868538732943171021e-01 -3.483167722979027547e-01 6.614564948972155578e-02 -1.713752010905910117e-01 -1.023066264494947308e-01 -1.032777482264205099e-01 3.405471507961870814e-01 2.922473037064947654e-01 2.521019637985866604e-02 2.071775041063722289e-01 -3.259261570954896658e-01 1.397462232000835913e-01 -1.862454941620184379e-01 1.039819022870544785e-01 -2.336285481885123527e+00 7.255153583190813993e-02 -1.228511445189818391e-01 2.339486088291829746e-02 -1.597185990554348844e+00 9.781367160634725222e-01 -7.410894597050052268e-02 9.175648797818958258e-03 -3.645580512154791147e-02 -4.291347850849220463e-02 3.206388635106500740e-01 1.402404996638400569e-01 3.180833476529497106e-01 -2.647339804924077611e-01 -3.576599450781756673e-01 1.388390477287837141e-02 5.234074086233171668e-07 -1.988088228968209949e-04 -3.197820017159016810e-04 6.272701416511829468e-05 2.661991515384452486e-02 7.596898733051500076e-04 -4.318762798706447630e-03 -1.480720378809118878e-03 -1.020272581800682954e-03 -1.743143580328849196e-01 -1.007934023133931628e-01 2.427575755297461113e-01 -1.578775572322672349e-01 -3.913351861551985222e-01 -1.114744199358699728e+00 -8.869979661295263051e-01 -3.482054693690941893e-02 8.103438675009853702e-04 -1.160986230154355425e+00 5.829515769749280679e-02 1.572036074829310029e-03 1.592947561520916076e-03 -8.221383421822534010e-03 1.128939464331192013e-03
3.970093489996570635e-02 3.230581996698518310e-01 -1.035756677466404874e+00 -8.026070982569440126e-02 1.960156896533356286e-02 2.191645831509927422e-01 -7.677784135829606171e-01 -1.907223148791958867e-02 2.557839000783376093e+01 1.774130586573236856e+00 1.362723391822395491e-01 4.282210509104867890e-01 -1.424530662527478120e-01 -4.831677005153655058e-01 2.885859474365726207e-01 8.913529417766265228e-02 4.171815340825848484e-01 -1.801724485852251867e-01 2.621260003162084740e-01 2.883734989320640638e-02 4.399902477143626256e-01 -9.011392134145866928e-01 -3.806662337219099967e-01 3.760488110838640097e+00 3.225645898171893400e+00 -6.263729059584253189e-01 -4.896911399850630009e-02 2.155571353936477641e-01 1.571354103616553199e-01 4.293424643753852854e-02 1.444143459695244359e-02 1.163191545096630974e-01 9.946226250610838357e-03 2.603997405338620910e-02 -1.430319326928992107e-01 -3.290619558592184912e-01 -1.457729534887604872e-01 -8.636375876074396662e-02 -1.121355430586857714e-03 1.632163095471907688e-01 -7.874923826113140388e-03 -2.232532654326521149e-01 -7.244617446740594935e-02 6.475984107793197886e-02 -7.255515162698933374e-02 -1.900327847482511101e-01 -1.088032367995404176e-02 2.759669923607805525e-02 1.814893701894823852e-01 3.510850830507282194e-01 5.848243747237295148e-02 -6.858960579826864357e-02 3.821200980311051931e-01 -3.673471851492999263e-01 -3.235280159022884128e-01 -5.159137680031662399e-01 2.595662768769627093e-01 -4.253045401345032506e-01 -3.234977682147819888e-01 -3.637337191947240811e-01 7.632422226255923814e-01 5.363393759276812167e-01 3.226027008301555754e-01 6.167536320567358343e-01 -4.960388033900609006e-01 1.504702584736265225e-01 -4.501876730947480809e-02 3.860259892894357669e-02 -1.104781092854233870e+00 5.025926001345991379e-02 -2.268941213676578614e-03 7.512557062304713040e-02 -9.789056422969878435e-01 -9.691291084765232711e+00 -6.889479909164519279e-03 8.327223392615078212e-02 6.191452748694556418e-02 6.359897103700320464e-01 -4.805358156724903185e-01 -3.314569255043737228e-01 -4.994839243622625768e-01 4.717829153908930651e-01 8.017735529240491710e-01 2.863320653744746286e-02 5.224229166181630244e-04 -1.454892823374832455e-03 -2.824509840041655381e-03 4.153113259029544394e-04 7.217664981500344912e-02 7.521217505647430357e-03 -2.960392108848123455e-02 -1.253432625697711161e-02 -1.058263419685832527e-02 -2.045185728140967718e-01 -2.489283138897503689e-01 3.459070981933597411e-01 -4.155079045211862443e-01 -1.054825473537758240e+00 6.815165446827367579e-02 -8.183753937817797586e-02 3.739343485024936298e-01 -3.329352875594707939e+00 -3.490930502960364556e+00 -2.544086515329321146e-02 -2.825719721066149905e-03 2.156664454035878316e-03 9.948217447593060356e-03 -7.704249891664006122e-04
4.779663936589428896e-01 -6.330227755974232595e-01 2.837105808905188820e+00 -1.035754919050029477e+00 1.982141030631590917e-01 -4.076028174766583301e-01 2.144213532407004852e+00 -7.677770951654395715e-01 1.774130586573236856e+00 2.056837783153344645e+01 9.114664657036830597e-02 1.783963073737608040e-01 -4.642566327799786396e-01 1.658081363388570484e+00 -8.414194703799883213e-01 2.503994574062203687e-02 1.311797499431454350e-01 5.960610273569227902e-01 -8.580092820037618084e-01 3.413826907422379264e-01 3.567257885881221918e-02 -3.701917377823959465e-01 2.044630806151193081e-01 -4.279726002381149641e+00 3.304088688621083403e+00 -2.636199705541147242e+00 1.589546299197197865e-01 -6.573345408845666649e-01 -4.471805472506077406e-01 1.735196264460578397e-01 -4.974589922534597419e-02 -3.545176436871227965e-01 8.169737410614301074e-03 2.887358977070507860e-03 -3.065117894203547855e-01 7.510447942717651815e-01 2.035343097157411019e-01 -1.104168103376113597e-01 1.570998819010763214e-01 -4.787534059184389568e-01 1.039173993525380896e-02 4.773253889314335030e-01 -2.044085476729462780e-01 -1.935585401077488388e-01 2.170768849587771387e-01 4.920941949158922357e-01 -1.889694667972475484e-01 1.812807695614784276e-01 -4.524867003807907517e-01 -6.096238968767979660e-01 4.824018749277330653e-01 -4.124975801788961088e-02 -1.005201722864639935e+00 8.877297242563417790e-01 2.009493639110653262e-01 -2.945815994259050608e-01 -7.137514181504915900e-01 1.146012669605618983e+00 4.242422869859642232e-01 -3.244888094292660008e-01 5.074872733741021547e-01 -4.987181809012335432e-01 4.065938304938261361e-01 2.764455411413254127e-01 5.194032427142692976e-01 -4.221601365558338981e-02 -2.555103990993254706e-02 -1.202818175205877971e+00 3.229288254959953447e-02 -2.408940408478402184e-02 5.096574447069189551e-02 -1.180345526769304376e+00 6.969675581203749193e-02 -7.698809882189173092e-04 -9.661937034393631052e+00 1.267050938511596891e-01 3.412014132229209684e-01 2.136267938991340265e-01 1.667049850682146950e+00 1.160806129042258439e+00 1.754417261149138207e+00 -6.770323921518224264e-01 4.504037132942175226e-01 -8.527205199914521250e-02 -1.561541511976010039e-03 4.356172708528919732e-03 7.923810212618962248e-03 -2.822719090734446875e-03 -1.824809573637334037e-01 -1.875222789320556485e-02 7.493697135100302331e-02 1.702819975226357169e-02 -1.255071268301988056e-02 9.401256613593663714e-01 9.532001306236062010e-01 -1.405272368183303255e+00 2.917706608243900712e-01 -4.151551365603344812e-01 -2.861489837990516608e-02 2.677945122745214457e-01 -1.078894346415148142e+00 5.375543090435566107e+00 -3.350138072891196472e+00 7.977130073511479180e-02 8.977523638564787259e-03 -6.821757386941708183e-03 -2.900991386326252572e-02 9.822645049673244325e-03
-1.225129560767776349e+00 3.152584657902347320e+00 -1.054530150804067201e+00 -9.582146494652804547e-02 -5.286012491671189251e-01 2.319559665986772767e+00 -7.126144241471462637e-01 -5.642888855021094968e-02 1.362723391822395491e-01 9.114664657036830597e-02 2.268672123491723980e+01 1.642639618349570618e+00 -2.455076293216866823e+00 -1.562909812125429454e+00 -7.276955865291280245e-01 -4.577558450857114325e-01 -3.621295209852330443e-01 -5.201946526390228698e-01 -5.060030021620827156e-01 -8.835436889323697862e-01 -1.510794323113198445e-01 3.765300408901230078e+00 -4.449792165698659652e+00 -4.572305692112879960e+00 -2.205878085567878344e+00 -2.433010950455062105e+00 -1.345129651424636696e+00 1.713907621006364457e-01 1.408299507568848918e+00 -7.980578908048077125e-01 -8.075850215708050284e-01 6.067207329311985475e-02 1.347701413037645679e+00 -7.024336852792839592e-01 1.664927771762964304e-01 -2.491492801054623341e-01 -8.252264518234427859e-01 1.194272162294631734e+00 -3.948032179356260607e-01 -3.605284425545290383e-01 5.463901893862643799e-01 1.377827709214833329e-01 -1.878650945254592697e-01 -1.364751788371054708e-01 3.024102949670508522e-01 2.513647000482049920e-01 -1.540764227169166001e-01 3.499836910607948548e-01 -6.076328482787849428e-01 1.114987075493246854e-01 2.875365441640373998e-01 2.875518157170357525e-01 3.954623985110173878e-01 -1.996284948019522165e-01 -7.323699358608467547e-01 1.144739144139193254e-01 1.616814318221386215e-01 -1.788621335682188673e-01 -4.545686021115060704e-01 2.854001065487063796e-02 -7.783956982868077586e-03 8.842389436394577640e-01 3.195685456166307281e-01 -1.122581241307601813e-01 8.698208534542832548e-02 1.035436051502909516e+00 6.904364479904920859e-01 -1.854433071230306151e-01 -2.940586373192946405e-03 4.181591516060548241e-01 5.164204528210797340e-01 -6.390884342260016494e-05 -1.744464031138867610e-02 4.409674568244693199e-02 4.358834203783762962e-01 2.516029142600195279e+00 -2.068608713117582598e-02 1.382165622871574184e+00 -4.055705668362326044e-01 6.161462430073225832e-02 -2.420457222380255902e-01 -4.699030894706303640e-01 -2.789664888025216727e-01 -6.057764723407314811e-02 -1.094721880274485137e-03 4.005595490174570887e-03 4.897560294725027824e-03 -2.129514235481665737e-03 1.176911409740204473e-01 1.281239614761389700e-02 -4.155530749830613213e-02 -2.300436731689284309e-02 5.545324832854100702e-03 7.158342435812498072e-01 3.821987864242445410e-01 -4.314581395059133295e-01 7.897105566222611950e-01 -1.295478696190035042e-02 -4.804043093117151275e-01 1.206606341269794019e-01 6.848888697937238312e+00 -1.754632484059854169e+00 -3.684854244343300333e+00 -2.765674714313278715e-01 -2.805023149853074632e-02 -1.724183893761819381e-02 1.014156264918121414e-01 -3.981949131044207335e-02
1.903637203541683753e+00 -1.035768021844831521e+00 3.114693411634731901e-01 -6.326714554445764804e-01 8.210300754247970012e-01 -7.677870644237617670e-01 2.131357730294567987e-01 -4.050094241228197611e-01 4.282210509104867890e-01 1.783963073737608040e-01 1.642639618349570618e+00 2.590406220392505432e+01 4.218299321559719761e-01 1.157672153594452524e+00 4.660930304999514329e-01 -3.549113209834201532e-01 -7.587438589850076243e-01 3.515518817006528240e-01 1.434509202225909275e-01 1.844823642511307649e-01 -7.914924982330631131e-01 3.133093219505990401e+00 3.287760198072312789e+00 -2.263086518393420565e+00 -4.580438787342123952e+00 3.254357109999365782e+00 7.895258282438164521e-01 -7.801177541489853762e-02 -1.124343348680054699e+00 -1.995795701199609973e-01 4.622637977282993416e-01 -2.296830872772250010e-02 -9.345996330264247920e-01 -1.416459520958304463e-01 9.861632797568495312e-02 1.651846533966510877e-01 1.182248444000633558e+00 5.074526507653548402e-01 -2.597425917123343253e-01 2.920445496112230588e-01 -3.285553656262983901e-01 -3.347939361345799170e-01 -9.556392342099852277e-02 1.051441659974451520e-01 -1.951297925280318091e-01 -2.652883300053972548e-01 -1.786844522717710715e-02 5.864341775737778872e-02 4.817445110564166355e-01 2.881578311016124161e-01 8.629325962304998376e-02 -2.869786211120878283e-01 1.875461905099520543e-01 -3.388299945938084701e-01 -2.734479680440878371e-02 -1.791382550710431676e-01 1.298701472960222536e-01 -2.339693851330271190e-01 -5.047100340356150405e-02 -1.707956223045180855e-01 4.149852471475627969e-01 1.039354034823444448e-02 -8.433412695083367105e-02 7.972874919545845651e-02 -2.739902432898226881e-01 2.457571632580717869e-01 -5.513106518155761471e-01 1.438831023832033151e-01 -9.193228327299718394e-02 2.007179692876443974e-02 -5.467186312832042483e-02 5.456617807804661768e-02 -1.316462002946868284e-02 2.099030911029877711e-01 1.794214104897602080e-01 -1.152025396660397855e-02 1.658277569548969321e+00 -1.365255570978317345e-01 5.289881165601351132e-01 1.923953154726689985e-01 3.138949992705075132e-01 -2.602874161265212871e-01 -6.405567015518623952e-01 4.737428747067853191e-02 8.475166116753748285e-04 -2.836916783337409351e-03 -4.259005242781949661e-03 6.677645529627367418e-04 2.301175055420918644e-02 2.494972021157437162e-03 -1.027380061342417043e-02 -2.296521341692225882e-03 -3.623790687577412538e-03 1.317028342573535182e-01 7.652729318662503111e-02 -1.124195868636660850e-01 -2.197169208503948687e-02 3.899452511185684811e-01 6.517827628015974151e-01 -5.525007435660424931e-02 -3.206931192533724939e+00 -2.669248683051088200e+00 -5.631243036823284420e+00 1.594199923630625904e-01 1.631612601674191365e-02 9.300625248889273639e-03 -6.327724417590398220e-02 7.071396214053574970e-03
3.274781002782958250e+00 2.543032968730713161e+00 1.412023726903662197e-04 1.543995412510834608e-01 1.411168449712461914e+00 1.854281033991442618e+00 1.271063085200355245e-03 9.172423109602674540e-02 -1.424530662527478120e-01 -4.642566327799786396e-01 -2.455076293216866823e+00 4.218299321559719761e-01 2.376943418251390128e+01 6.974500298042211055e-01 5.966984354923154932e-02 -7.447101703233678371e-01 5.170037378669208872e-01 1.411841355989253977e-01 -4.775797070121982624e-01 -9.768528286706677777e-02 2.777753480836608335e-01 -5.202576129299709695e-01 -2.861121254868443931e+00 -2.581401616250291742e+00 3.347042960560608904e+00 -1.454099620285209893e+00 -9.323629306719530274e-02 7.364070185918401845e-02 -7.955271251014452150e-02 2.172993073020176857e-01 -1.015665293193130231e-01 5.241685205871227105e-02 2.431794372185906161e-01 7.598795853570050607e-02 1.135500721685564832e-02 -1.858264244603298199e-01 -3.796551898971633476e-01 -2.406363261439489198e-01 -4.589892188038732779e-02 1.558463670181979011e-01 4.251534687658154593e-02 -3.988330154600277511e-01 2.083684032149621668e-01 4.299517411437518699e-02 3.381480428626992482e-03 -1.354201094445165177e-01 8.509340997286850283e-02 -6.865327650675913385e-02 -4.087582564043629879e-02 2.883715351787429215e-01 -2.873777929550492272e-01 1.117243040323380038e-01 1.118656375620438626e+00 -1.193787283183678882e+00 -1.066478638877181639e+00 4.772028066192567364e-01 5.793865870030067144e-01 -8.410038233165882948e-01 -6.392443482899934359e-01 3.218329787919397833e-01 -5.300783236249991814e-01 9.461138214390262258e-01 1.115701224063100072e-01 -3.225075916546861765e-01 -3.398353691830692802e-01 2.478245427740610740e+00 -3.485658495020669823e-01 7.477877871192009640e-02 7.057815270208375735e-02 7.775710721767007394e-01 7.461335984171811875e-01 6.588225619743744155e-02 1.275039302655947906e-02 6.136757461918581624e-01 1.754716491139299284e-01 1.384065784221805373e+00 -1.287089740478987998e-01 3.734730522872410141e+00 9.306326302118073102e-01 7.475288814518979974e-01 6.813062792846764637e-01 -7.518135484011339020e-01 4.277386785046186635e-01 2.122942498903893083e-02 3.594402639633597837e-04 -6.144931867138607624e-04 -1.901381985095211514e-03 9.184258173969963917e-04 2.509836748652162774e-01 2.738126091371971202e-02 -9.304943092174304542e-02 -3.851158318032474326e-02 1.737531952091527290e-02 1.698589549302527812e+00 9.676872093661366137e-01 -1.234184948790367997e+00 9.000563253910360828e-01 -3.179039601063929910e-01 9.993513538853068257e-01 7.740546502766970649e-02 3.405697974662029726e+00 -1.881474294356523469e+00 3.100081574956206509e+00 -2.299803896173179332e-02 -1.829223687550554731e-03 -2.987969890046948077e-03 1.028038552646910568e-02 1.239411177643344420e-03
-7.533768650022616420e+00 3.366517174397255729e+00 -6.261222062387765241e+00 1.911260649135400280e+00 -3.814102707889008403e+00 2.223646821481439773e+00 -4.001822957171015993e+00 1.219609428774075521e+00 -4.831677005153655058e-01 1.658081363388570484e+00 -1.562909812125429454e+00 1.157672153594452524e+00 6.974500298042211055e-01 -1.233048649849595257e+01 -9.562059452870582676e-01 1.513763929331187787e-02 2.187689957080930780e-02 -6.176206106808121987e+00 -5.684719193227905087e-01 9.148396665328467278e-03 1.323235492426338457e-02 1.447554630688997757e-01 3.783296381299038752e-02 -1.916239320496993415e+00 2.165448454579427917e+00 2.779300712518902650e+00 -7.532470536078883505e+00 3.472228381412985510e+00 6.156768280747783706e+00 -2.054138497604833802e+00 -3.813363304001025966e+00 2.290941084550499163e+00 3.932628161531752209e+00 -1.314104614654104886e+00 5.779996787984906792e-01 -1.666753335532389801e+00 -1.475209309493856535e+00 1.210939242388684001e+00 7.037152045389870603e-01 -1.835282738948613934e+00 2.777004071608886626e+00 1.344496306425313703e+00 -4.982974026645278776e-01 -5.808123178869666337e-01 1.094199928703669444e+00 5.385059918599179873e-01 -1.991755448798323558e-01 3.791762389817452950e-01 -1.005302965523653391e+00 4.039165062991257882e-01 1.854098780675457747e-01 1.134309802110673893e+00 -8.387388832819374640e-01 1.763407040345464027e+00 -2.827395580154036178e-02 -3.752356459676305100e-02 -2.163207836417708196e-01 5.186087702000573563e-01 -8.323506883333326237e-03 -1.102436988654084161e-02 2.808060820657699852e-02 1.980666715357206481e-02 3.155500705748630619e-01 3.432736369155554856e-02 6.445640138118032825e-01 -1.832741878938549451e+00 2.748754374359712926e+00 -1.430735738781858224e+00 3.825594344261405988e-01 -5.796314233876590505e-01 1.082293936233506670e+00 -5.723740740117498893e-01 1.535710769621312366e-01 -2.792714020001368369e-01 1.068533235797194614e+00 3.461713399779527411e-01 1.525466225369560280e-01 1.127161781717443745e+00 -8.570220298515957680e+00 -4.985509339953190455e+00 -4.144191951586425837e+00 6.294943655672993743e-02 8.192333392164433126e-02 -3.507615883346127394e-01 -4.016537112932632575e-02 1.138007494720872370e-01 7.286826816063898815e-02 -2.607008150508674862e-02 -1.067843878052891632e-01 -5.219138383798987285e-03 2.101977966377343091e-02 -3.385893265624208563e-04 -4.541015623394235564e-04 -3.503312014303197053e-01 -4.007118790405898856e-02 1.121927660536198579e-01 -7.630705356214789736e-02 2.129078816940841584e-02 -2.898544652750814521e+00 -1.145004071111929367e+00 -8.259491238923798162e-02 -2.076782840260044782e+00 6.651581395591505963e-01 -2.895508173581539335e+00 -1.143361160011443722e+00 -4.455629276805928018e-02 2.076450862484706672e+00 -6.607569803538813069e-01
