9.987143935271793893e-01 -1.315638157721734812e-03 -2.057655056131891050e-03 6.931378620580101822e-04 5.543479164295656014e-01 -6.856350060727607609e-04 -1.064854493977221818e-03 3.586788482214527357e-04 -7.357485545666524098e-04 2.665059376343696228e-03 6.365771380857989130e-04 2.646099083837019856e-04 2.083841732670047367e-03 3.834090445624609989e-01 2.249657252378372552e-01 -3.868391608233780476e-01 1.176165773807362758e-01 1.530223164258946444e-01 1.196690340221283483e-01 -2.056023844700434200e-01 6.250967617365198181e-02 5.867764485453396545e-02 -1.930083069627219761e-01 1.499979283962769860e-01 -1.007369711988875954e-01 -4.091919604816949413e-02 6.317674281806295866e-02 -2.674253696073615439e-04 -1.361778035022232491e-01 4.345499058636217299e-02 1.290122715986890232e-02 1.433133756033820301e-04 -3.585617702442762261e-02 1.143634895906540071e-02 3.604885124333116666e-04 -1.029300579742874720e-03 6.069819087067216540e-02 -3.510313102931613555e-02 6.216956288324271621e-03 2.690788614252072677e-02 -3.844828446659197957e-02 -6.222128396074319556e-02 2.080378289405368508e-02 3.731894745167486233e-03 -7.111443221902368286e-03 -1.150531201409028988e-02 3.846862893065549401e-03 -7.796797224540163648e-03 2.333780697037538682e-02 1.636782547364882753e-02 -1.255563986103354866e-02 -4.992744274569673769e-03 6.536016654541861037e-02 -1.276803274008302680e-01 -6.737730649682172057e-02 2.487752411015541759e-02 1.352401000203332961e-02 -3.419751336007342130e-02 -1.780582703822847224e-02 6.586761590422381130e-03 -1.848672072088181073e-02 4.998524657806269894e-02 -1.450186667087032324e-02 -9.147571380882870556e-03 -4.622408057060124059e-02 3.855337126404040915e-01 -4.638032475602271165e-01 5.481993206970622173e-03 1.087567472218664913e-02 1.541827839685505630e-01 -2.470513116084788741e-01 3.004817457930758322e-03 5.765995988866749224e-03 -1.102627012950467902e-02 -5.948317874108224879e-03 -1.370820984143945320e-01 1.327386911404833609e-04 -2.372671859161181174e-01 1.383562892692252189e-01 3.850709823734755483e-02 7.691350754807242673e-02 -5.368290233513780402e-02 1.519871514174971246e-02 2.456145644671496164e-03 3.123119095774037646e-05 -9.860418381405858528e-05 -1.587366682763157203e-04 5.301678477182286567e-05 9.778639793074981115e-03 4.940235036855187591e-04 -1.875330377972263436e-03 -6.970212362064509169e-04 2.737921787218349358e-04 1.381726675180182662e-01 3.842658697983992316e-02 -8.587245836485488115e-02 3.896617499385143790e-02 -1.001259910323268158e-02 5.591542789599757146e-01 2.996092439656938278e-01 2.193965466379493301e-01 3.501674333599275046e-01 -1.174861208905069176e-01 9.388551229021579667e-03 4.591351798457209989e-04 2.465708708147070112e-04 -1.788746778433196937e-03 5.640517093316466807e-04
-1.315638157721734812e-03 9.958117574523610571e-01 2.024727162656688503e-03 -5.313856720857053351e-04 -2.502829374165799615e-04 7.508810703745710802e-01 1.066681856847354016e-03 -2.915265895319683409e-04 9.971109002721010618e-04 -2.430424897643720678e-03 3.094439692442951979e-03 -3.703884909288120662e-04 4.089446383460242779e-03 -2.254039185778343168e-01 1.730773234392882776e-01 2.320957755986619020e-01 -7.055930984279014384e-02 -1.194829075589357026e-01 6.346727513137438714e-02 1.654322614430540350e-01 -5.029817324781535315e-02 2.394589603249366871e-02 -7.871940544629807412e-02 -2.302532974693786150e-01 9.560658687644678355e-02 -1.134105976317637404e-01 2.073736916169561292e-03 6.009553011984171411e-02 -3.569476622291836796e-03 1.169081647252123192e-03 4.809815053833344195e-04 1.723247324012495973e-02 -1.599470586274751591e-03 5.235206478012392750e-04 1.430677168570966898e-02 -4.489968841303679931e-02 2.957182661854180876e-03 -1.832243743628866059e-03 1.535561101258230707e-04 3.844692157767857360e-02 -1.538174911881972848e-02 -7.167155043646804280e-02 2.398748676762724186e-02 9.844731320761751156e-03 -7.150840578375836261e-03 -2.214229297700791993e-02 7.409060551489453361e-03 -5.820488553670614094e-03 1.745397433029560394e-02 3.079627214202404831e-02 -1.874991496208179911e-02 3.615914291838647019e-03 1.267647358568337046e-01 -1.464332601532275513e-01 -1.100705888230572999e-01 4.066510612569276123e-02 4.016844748896172129e-02 -6.291741892410757098e-02 -4.255834594735272147e-02 1.573279890354884955e-02 -2.925290766302804032e-02 7.902016600571172555e-02 -4.235753816996137497e-03 -1.877948090887970531e-02 -5.065424816138376640e-02 4.638020946458153992e-01 -2.602670465717744075e-01 6.703362739405254074e-03 1.338569489703366269e-02 2.465830762575823287e-01 -2.468083426162877569e-01 4.780248648873035994e-03 9.573430258745624713e-03 -1.400316178166326371e-02 -8.160803868016109838e-03 -8.535930708218884833e-02 3.557054692793914391e-04 -1.472924039519772910e-01 -1.859478275681780701e-01 -8.064359886232376484e-02 -1.016601957161853559e-01 1.008913265416608168e-01 -2.848315396188766738e-02 5.218223156603443019e-03 3.355334076097952556e-04 -5.306646400404440656e-04 -1.113042160088952145e-03 3.719037753177633124e-04 2.847794391861957139e-02 4.228140726582603134e-03 -1.221437623098814949e-02 -4.997936883993108446e-03 1.964360441069747196e-03 2.008301406756611562e-01 8.693020327059135244e-02 -1.299920569328679720e-01 7.995468034938853219e-02 -2.054725300378546990e-02 -2.559516649294077406e-01 -1.880029706962535463e-01 2.002330435373871065e-01 -2.654707894145746927e-01 8.906982052911631420e-02 -4.423690144924460541e-03 -6.949793227844312110e-04 8.268701176048395525e-04 2.261300293184858711e-03 -7.114349638403072006e-04
-2.057655056131891050e-03 2.024727162656688503e-03 9.983101019309595925e-01 5.045418624700159305e-04 -3.870180445241767041e-04 1.066681856847354450e-03 7.521665887017575658e-01 1.378129736322919376e-04 -3.703884909288123915e-04 1.391478636127209964e-03 -3.205651826997959596e-03 2.258953054661320785e-03 8.789285546640369885e-04 3.866271681354425116e-01 2.314393461331447910e-01 -8.994031865137476489e-02 1.211017706439837388e-01 2.051408941547071263e-01 1.652706798265351773e-01 -1.245885541970816052e-01 8.643584120940157878e-02 9.571711232300184058e-02 -1.623704090797881694e-01 -5.822348459384179414e-02 -8.433942124348629832e-02 -6.667851650681896891e-02 1.361500490955099008e-01 -6.517107497908514830e-04 -1.862127697383486880e-01 7.897514776442014772e-02 4.272904637912219861e-02 -9.875566649870709448e-05 -7.748015627236760905e-02 3.038456428431395018e-02 4.208353202675184433e-04 -1.551690264316515607e-03 8.430242116827391108e-02 -6.526172452585385364e-02 1.396343364420111512e-02 6.222864848258406051e-02 -7.168305228979036936e-02 -8.701582596437404393e-02 3.904989081636913578e-02 1.593401639431624855e-02 -2.215156452709605983e-02 -2.928957075095871970e-02 1.204632372317999793e-02 -1.903951838081568634e-02 4.587125174260471561e-02 1.922489360365681188e-02 -2.455607204037041705e-02 -1.176088514517155230e-02 6.892405695658125608e-02 -1.130533338086860129e-01 2.197702165251542647e-03 2.240481336298840581e-02 2.164922942690580138e-02 -4.410414079533980791e-02 -5.277031817789334250e-03 8.732543421639040251e-03 -2.116545200733930404e-02 1.322716014701115668e-02 -4.168138152921035955e-02 -2.590371072036676270e-03 -5.131712458311568636e-02 -5.961104012184611882e-03 7.368080448833918758e-03 3.097147550989861609e-01 -7.974830725360318494e-05 -3.071082578791995820e-03 4.947957168757162981e-03 1.608410261276032038e-01 -1.026768340394628641e-04 3.080405049469607482e-04 -3.149763726479046788e-01 7.562502655108167826e-03 7.505266838299650203e-03 5.800504483503473099e-03 1.221713434776602047e-01 5.284824629104960259e-02 9.479598668183474020e-02 -2.113901155584598651e-02 1.910472036356390332e-02 8.406411452339751511e-03 5.400840618357977954e-04 -1.110921365636437100e-03 -1.632268687227132493e-03 5.988358468492537348e-04 9.940282833695626361e-03 1.417024014442466555e-03 -4.493975234831128381e-03 -4.646761250903918964e-04 6.765965062884378347e-04 -9.796880857752604532e-02 -4.253284735498782249e-02 8.608011650712280027e-02 4.827009958195589007e-03 1.074464966384027116e-02 -4.085066878091714315e-01 -3.000616628569295341e-01 -2.654706967826854225e-01 -5.713858650904370118e-02 1.421652534603515261e-01 2.778916229471175767e-02 4.016874296609581653e-03 1.777182794519356970e-03 -1.191393734765038882e-02 4.135785801528201779e-03
6.931378620580101822e-04 -5.313856720857053351e-04 5.045418624700159305e-04 9.999088383986934891e-01 1.302820247739401528e-04 -2.915265895319683409e-04 1.378129736322916937e-04 7.526490270795324067e-01 1.211982513184483933e-04 -3.703884909288120662e-04 9.638514118892448773e-04 -6.725677883156471349e-04 -4.075974619499495325e-04 -1.175374425910261644e-01 -7.034974097985918773e-02 1.210846013733829218e-01 2.715301994450715073e-01 -6.236729956704484962e-02 -5.024667131868441189e-02 8.643175908848485522e-02 1.334142372302298540e-01 1.233473513400380334e-01 9.571926887856013755e-02 -1.201617035180045923e-01 -2.119730288111522087e-01 9.986358992171825988e-02 -4.349274084506352805e-02 2.381569465914217573e-04 7.905039810596942162e-02 3.603669455248722370e-02 -1.364528141143330105e-02 4.471232908539211020e-05 3.042334866897575610e-02 8.037562747644525982e-03 -5.360332044242326370e-04 3.063563078274769203e-04 -5.295712405444472776e-02 -2.136047795832124452e-02 1.056449690752459848e-02 -2.080514820005996759e-02 2.398979106954834267e-02 3.904739639468048085e-02 1.676393982370568553e-02 -5.327367598151322263e-03 7.411648555100222580e-03 1.204549528923003383e-02 2.721241729067416359e-03 -4.819046125924680846e-03 -1.908567230612685447e-02 -1.690130039279623755e-02 -7.876998098452697022e-03 9.993390118409991446e-03 -2.534390592318662080e-02 4.161241746578889927e-02 2.232354753067848641e-02 5.481979706483189330e-02 -7.970147127823311306e-03 1.622387077089929366e-02 8.690498359195591299e-03 1.523303679499626515e-02 -3.649527422594652654e-02 -2.105485146853849215e-02 3.031140817896412474e-04 -1.961296671380411208e-02 2.762409131970020720e-02 -1.072307991407212523e-02 1.317401994171086763e-02 -6.165959922090562912e-05 3.097542964793137954e-01 -5.732240070415102126e-03 9.520210161484621986e-03 -9.811533575060902863e-05 1.607135792323750312e-01 -3.145231429800940393e-01 3.185428212155699931e-04 2.059515000463316495e-03 3.825059012841064161e-03 1.806690011029120357e-02 -3.432093883449196386e-02 -1.484131917373157986e-02 -2.654276590818157450e-02 1.895488549046458332e-02 4.081306560648347709e-02 -2.807730929670426614e-03 -1.803846469029331170e-04 3.710453841999953001e-04 5.985942561867430792e-04 -3.996074560297366621e-05 -3.957018360038772747e-03 -5.688839539403478919e-04 1.806512672553531448e-03 6.915050406376717492e-04 1.000990874128771966e-03 2.558357705046565567e-02 1.111405743188635317e-02 -2.248830761272039083e-02 1.091122156212090410e-02 4.327509508348369865e-02 1.370603498514401941e-01 1.006749377717800348e-01 8.906979864882605402e-02 1.421652681424254994e-01 3.188876129879103516e-01 -8.746633771724751996e-03 -1.262854627589642250e-03 -5.569792504152112260e-04 4.122746697183447308e-03 -1.012683234961520734e-04
5.543479164295656014e-01 -2.502829374165799615e-04 -3.870180445241767041e-04 1.302820247739401528e-04 3.492097457853157172e-01 -1.425908220536646707e-04 -2.219312904757996094e-04 7.463287706148042148e-05 -1.639664726500725722e-04 5.255051557204914103e-04 2.731163719747321632e-04 -1.522627782833875932e-04 9.179116897461659589e-05 1.530217606913242268e-01 1.194292699992110657e-01 -2.051665040738729628e-01 6.237685733650176478e-02 5.567025281655928887e-02 6.674627060315059535e-02 -1.146290084356086231e-01 3.485018184316392847e-02 4.651678939109328559e-02 -1.530025691238446062e-01 1.189823891685001245e-01 -7.988961856523862926e-02 -3.239997024021311345e-02 1.290109313771105500e-02 -2.536096613175239803e-04 -4.273230504807873364e-02 1.364045410736364899e-02 3.506987999792545883e-04 2.137482154643684953e-05 -3.954053214860784454e-03 1.261003980865617151e-03 2.017730712065370733e-05 -5.016720019305221523e-05 1.418197230953472006e-02 -8.228874058750076589e-03 1.393276530233812085e-03 3.731570024949297428e-03 -9.844938623091622695e-03 -1.593297497937718951e-02 5.327123558272420061e-03 7.433111187598184895e-06 -2.202926206875845789e-04 -3.565168806813855920e-04 1.191991216531282128e-04 -7.503097729379841268e-04 2.244135136453593617e-03 1.579421996837218145e-03 -1.214304127731126058e-03 -4.902688872774350936e-04 1.352350240011155821e-02 -4.028671319497072190e-02 -2.144810038340028147e-02 7.909476741241733277e-03 3.961603741299802531e-04 -3.935241779509668532e-03 -2.042882805472582067e-03 7.560255630734100682e-04 -4.484787806188094209e-03 1.214452614567853271e-02 -3.321612943720028167e-03 -2.297682379727433201e-03 -1.109411465976941139e-02 1.541826390807420899e-01 -2.465835359479917610e-01 3.013192926434564087e-03 5.750670253567182269e-03 5.633511025899638758e-02 -1.382274057238317977e-01 1.705379731639500643e-03 3.218462557905938520e-03 -8.785691807599695438e-03 -4.650332209520593660e-03 -1.089347351804071801e-01 1.081388641423972335e-04 -1.885336627867183756e-01 4.136069360287394220e-02 5.243145305139165942e-03 1.613355557240741048e-02 -1.108789994415268834e-02 3.133124514128628278e-03 9.167248800328726109e-05 -4.700772549812771051e-12 -5.609711543756776712e-08 -9.035525989073659546e-08 3.018054382907356639e-08 1.116262694965815391e-03 1.619877757245108505e-06 -1.327335323433422673e-05 -5.403626322431807873e-06 2.090674843797071620e-06 4.129264309662649540e-02 5.221501922077474191e-03 -1.782613478747873889e-02 8.234488935236781992e-03 -2.124625840496501168e-03 2.458117180615553010e-01 1.368594186471584206e-01 1.482352991675323639e-01 2.365906472102669300e-01 -7.937950959673539808e-02 1.044817994319766899e-03 1.495839897926623475e-06 1.230414579192565481e-06 -1.237727572343700228e-05 3.914550540098066421e-06
-6.856350060727607609e-04 7.508810703745710802e-01 1.066681856847354450e-03 -2.915265895319683409e-04 -1.425908220536646707e-04 6.287474578414825599e-01 5.556504679676218823e-04 -1.590054787170450492e-04 4.960790132573761725e-04 -1.258444307307542099e-03 1.053508406024670791e-03 4.714745926397204971e-06 1.720658583807915115e-03 -1.197469269517880408e-01 6.316585045375956720e-02 1.656071666698141764e-01 -5.034615278359860085e-02 -6.674604229011076029e-02 1.227195794940864372e-02 1.292737989258522513e-01 -3.930253645708815802e-02 9.394747624382637774e-03 -3.090069952181172253e-02 -2.024924373441674696e-01 9.005583383641883877e-02 -8.189538465373395748e-02 7.599294435797939980e-04 1.723390421655116370e-02 -1.523983060457308235e-03 4.994764081848906186e-04 8.929793375339237877e-05 1.852596243554879580e-03 -5.623463261379876279e-04 1.854051173917682942e-04 3.366178199410762260e-03 -1.059465156273305987e-02 1.296418989377464857e-03 -8.593917807513132496e-04 -8.004956510785050732e-05 7.109489556318650955e-03 -7.150810692601907749e-03 -2.214288828850917781e-02 7.409086431066122524e-03 2.202875539901822603e-04 -9.818990569800851997e-04 -2.053224224485456460e-03 6.864637322810314976e-04 -1.821953750106622937e-03 5.449049874846856496e-03 5.934205103454106081e-03 -4.019665446492838752e-03 -3.996174302775111096e-04 3.373398829329015552e-02 -6.298682705658117942e-02 -4.251673041240575796e-02 1.572144330212775845e-02 3.876882974484337305e-03 -1.676174874275463897e-02 -9.655081609269861379e-03 3.584235976557900369e-03 -1.482959683132755238e-02 4.005516657826604238e-02 -7.074193467759427867e-03 -8.355257368612142160e-03 -3.148769067039580705e-02 2.470508672484391099e-01 -2.468025718847775551e-01 5.111693270610445129e-03 9.467920329713271771e-03 1.382273998064786069e-01 -2.306924384852219456e-01 3.938623450805047409e-03 7.432460604146973009e-03 -1.459790699813671468e-02 -7.741419570962040919e-03 -1.102960141894942930e-01 2.521219677128174385e-04 -1.906942281755757973e-01 -6.397627978192937936e-02 -1.850781823147661098e-02 -4.588669601717061675e-02 3.822219285287144913e-02 -1.080176238667435000e-02 3.821696799758865439e-04 9.915619194544459603e-10 -1.327124458544609958e-06 -2.403168288749482997e-06 8.024612098352402819e-07 4.340539090204404739e-03 1.866277309898519153e-05 -1.873473907612854513e-04 -6.654299926864658938e-05 2.663878770299128889e-05 6.883646478641075594e-02 1.968972547936265541e-02 -5.656214682516949588e-02 2.947813345260214685e-02 -7.540621902524298308e-03 -1.509606470891796948e-01 -1.225333815140403626e-01 9.883124547859684084e-02 -2.303471079520789944e-01 7.728504412961215153e-02 -5.970013691160111925e-04 -4.690635051968528621e-06 3.344351664558696269e-06 2.923974551155898605e-05 -9.211850376540968853e-06
-1.064854493977221818e-03 1.066681856847354016e-03 7.521665887017575658e-01 1.378129736322916937e-04 -2.219312904757996094e-04 5.556504679676218823e-04 6.293965470527754791e-01 -6.661495096419049730e-06 4.714745926397096550e-06 1.031956066362314187e-04 -1.598172901434522213e-03 1.150032825580089152e-03 4.543860643632965219e-04 2.055630169103930538e-01 1.654372213260918989e-01 -1.243299875035951130e-01 8.634914176369029581e-02 1.146291532249900935e-01 1.292749248779179461e-01 -1.344680676087261217e-01 6.749839276754247830e-02 9.005076413456711282e-02 -1.777710524164017314e-01 -4.522059211710775795e-03 -9.281472508295997292e-02 -6.272369455260276561e-02 3.584224108896491567e-02 -2.234782500794897539e-05 -7.748215514875746168e-02 3.038328245011114731e-02 3.952458592940082290e-03 1.998770634468839474e-04 -1.940060367538980896e-02 6.849760501149580912e-03 2.587743630940269853e-04 -8.268662953800796564e-04 4.737207577906544370e-02 -3.149218798531697172e-02 6.148952374126509350e-03 1.150439078277003084e-02 -2.214062164918420561e-02 -2.928739389849403102e-02 1.204500154220146738e-02 3.565021312953280401e-04 -2.053192388217525959e-03 -3.036400066027220013e-03 1.110857118318546834e-03 -4.020811324556837138e-03 1.079886571036368925e-02 6.174570857183821204e-03 -5.845118638487683572e-03 -2.625100210714370001e-03 1.858366288780640557e-02 -4.406087462732707211e-02 -5.215039324692974203e-03 8.711742283083169502e-03 2.141645538949883600e-03 -1.044483385861091386e-02 -3.359604960906912609e-03 2.064650334958245508e-03 -9.526979950185331114e-03 1.457532633802439276e-02 -1.340052683422091398e-02 -2.897987070689945089e-03 -2.314692150806465024e-02 -3.090733510792277421e-03 5.279422176554594490e-03 1.608303003701219425e-01 -1.081645504828420389e-04 -1.705136706213023715e-03 3.937569989575562257e-03 8.847315598998842234e-02 -9.127409813053167554e-05 2.515458713813342674e-04 -2.450370828891026698e-01 6.604194118963420575e-03 5.707300576617732948e-03 5.390675408062594286e-03 4.179344815634868787e-02 1.188304544311083628e-02 3.518694252164453889e-02 -1.584487363104627317e-02 7.259857122090728788e-03 6.154923518910253603e-04 1.913125393335362555e-09 -2.399184240552479618e-06 -3.704868945277370037e-06 1.289684456868355370e-06 1.588520450589106557e-03 4.029279829860869337e-06 -6.800777511285752597e-05 -1.381894419268680836e-05 9.030381595529651624e-06 -3.380863835720813310e-02 -9.866205726067479864e-03 3.255324608935183245e-02 -5.952130107746964917e-03 4.058812343851294843e-03 -2.409357951031500522e-01 -1.955690709742551603e-01 -2.303470211403475243e-01 -1.244889218076170867e-01 1.233535628358442687e-01 4.188059155836199032e-03 1.498922916060585418e-05 2.994903718673263003e-05 -1.704418814583438324e-04 5.601735814812296404e-05
3.586788482214527357e-04 -2.915265895319683409e-04 1.378129736322919376e-04 7.526490270795324067e-01 7.463287706148042148e-05 -1.590054787170450492e-04 -6.661495096419049730e-06 6.294273031810904140e-01 -8.758949914864269768e-07 4.714745926397097397e-06 4.924142030755057848e-04 -3.496721785809488929e-04 -1.989326057726018655e-04 -6.249509939630872035e-02 -5.029183725250478687e-02 8.634459455277207485e-02 1.334432605727109700e-01 -3.485023359244188157e-02 -3.930289505065249350e-02 6.749842071802371335e-02 6.702594136267746305e-02 9.104535928241894172e-02 9.005039997444501398e-02 -1.057216309332711240e-01 -1.563619935278683648e-01 8.090181401703347430e-02 -1.145521374132731432e-02 2.037341194193157832e-05 3.042196877032365965e-02 8.038615347005978462e-03 -1.263351534835060802e-03 -5.778513881441530836e-05 6.869432525472391263e-03 -1.056786083507119556e-04 -1.759201449660232990e-04 2.040828994784174642e-04 -2.158176108074231006e-02 -3.869728869795001228e-04 1.760213867096820182e-03 -3.846385964512650212e-03 7.408087421711562204e-03 1.204461122068759341e-02 2.721753438594125794e-03 -1.191944221418876734e-04 6.864542917532727700e-04 1.110859066439201211e-03 -8.532539769353324330e-05 1.169143150201631525e-04 -4.021036561350924479e-03 -3.214648794874809708e-03 1.897246638101805717e-04 1.542005379353755161e-03 -6.821249575955188639e-03 1.621189373914581552e-02 8.669690128478421340e-03 1.523997889738110990e-02 -7.858125580332499163e-04 3.835121217694220652e-03 2.043166586749752423e-03 1.491828690306438261e-03 -7.797867968470914568e-03 -9.470488358236987814e-03 1.120599999281358082e-03 -4.193931728947195708e-03 1.074586286143218959e-02 -5.738647159051976816e-03 9.414363406692681513e-03 -1.035984222151222189e-04 1.607181563861302676e-01 -3.218539450758014977e-03 7.432794722495339110e-03 -9.130274891964658185e-05 8.834982694619908372e-02 -2.446965012252677318e-01 2.509498252636401254e-04 2.566561304735537341e-03 3.018017076697940542e-03 1.585290896369283276e-02 -1.173181540097472352e-02 -3.327887238772841202e-03 -9.835522941338780550e-03 7.185245604259917970e-03 7.632042304120387199e-03 -2.055898771391858552e-04 -6.331554577324561496e-10 8.012285474755147198e-07 1.289842460303992916e-06 -2.746901328728735757e-07 -6.265314031748959707e-04 -1.796651714541326959e-06 2.709511144841694944e-05 8.986196347415814425e-06 4.983151681127051924e-06 8.841557053303222835e-03 2.591013637057651506e-03 -8.515076268836340237e-03 4.142435066777931142e-03 8.568812518550227367e-03 8.083767596646017350e-02 6.561619541555582802e-02 7.728502045461817238e-02 1.233535715368111324e-01 2.017801073155830183e-01 -1.319975672713700424e-03 -4.659637256098972279e-06 -9.438292028041136370e-06 5.603735754786325036e-05 -9.960741319402193950e-06
-7.357485545666524098e-04 9.971109002721010618e-04 -3.703884909288123915e-04 1.211982513184483933e-04 -1.639664726500725722e-04 4.960790132573761725e-04 4.714745926397096550e-06 -8.758949914864269768e-07 1.001774582062424201e+00 -3.310914736664743346e-05 -1.385413471525474534e-03 8.356895634388203679e-04 1.632600960820661912e-04 5.865391914959318387e-02 -2.392816760176358012e-02 -9.551995270730702370e-02 -1.234052168882026623e-01 4.651797682095692998e-02 -9.400294338409000486e-03 -9.005187448630322389e-02 -9.104503113431708372e-02 2.877176666504565120e-02 2.637335830751860385e-02 1.718417050641266042e-01 1.985910511179156401e-01 -2.251825765737431456e-02 -9.138188740102758806e-04 -1.435381944141811417e-02 1.687127027607834059e-03 -1.667699583808815065e-04 -1.550273599539408315e-04 -3.392956906844427165e-03 8.110549958556827112e-04 -1.693596663333131545e-04 8.045791157058314541e-04 1.648058957048572151e-02 -1.856690840849189788e-03 7.218887284820755092e-04 2.376170074625769417e-04 -7.796633728367432202e-03 5.822138289015645757e-03 1.903364154484359083e-02 4.821202343734389169e-03 -7.503211118951590196e-04 1.821913727188769795e-03 4.020819857781395522e-03 -1.169202143096061385e-04 3.541198666018871495e-05 -8.633775801445607578e-03 -1.103969693513557997e-02 7.391311552876553151e-05 2.653996978817166254e-03 -1.906030031126837790e-02 3.055334031293353153e-02 2.090208464217728143e-02 3.656048799512398584e-02 -4.566030273682884950e-03 1.546894791415082647e-02 9.426990231934004663e-03 7.815037344711629405e-03 -3.005370361139422103e-02 -3.414916083061122348e-02 -1.178251388307456019e-03 -1.863252105956366908e-02 3.540166371652921778e-02 -1.108429576714154569e-02 1.440505496822553320e-02 -3.006237705182878707e-04 3.145100065936310973e-01 -8.783161589020574769e-03 1.460174443453324256e-02 -2.504344421007836702e-04 2.446960490314190606e-01 -4.393823215131062443e-01 4.264436999281034685e-04 -2.683156764113111235e-03 7.714771396357660710e-03 2.451351976277278688e-02 2.152260987208054477e-02 1.232197739508218530e-02 3.019235960105567246e-02 -2.639745372969446932e-02 -2.982836507874770532e-02 -6.357834009170745034e-04 -2.834918980907648302e-06 1.149917385229287219e-05 2.155489804467578763e-05 -3.796594293691267129e-06 -2.463813688858128553e-03 -6.091967528818137498e-05 3.145219056650997791e-04 1.151106868982892391e-04 8.693864306201027140e-05 1.805582384030512272e-02 1.029406599866745410e-02 -2.910832181808969965e-02 1.673015389138979639e-02 3.626673095869640401e-02 -7.080476405976368626e-02 -6.880509737864083653e-02 6.143603095816749932e-02 -1.243533585254135848e-01 -2.184919567176762389e-01 7.427957877896471887e-04 2.424603513692435012e-05 -1.982882185962100177e-05 -1.151777273572505593e-04 1.663499062512873138e-05
2.665059376343696228e-03 -2.430424897643720678e-03 1.391478636127209964e-03 -3.703884909288120662e-04 5.255051557204914103e-04 -1.258444307307542099e-03 1.031956066362314187e-04 4.714745926397097397e-06 -3.310914736664743346e-05 1.001576104950395951e+00 3.836746717639667997e-03 -2.812927728100265631e-03 -1.205627755677385598e-03 -1.929201694849261295e-01 7.878896799621461222e-02 1.617181934776974195e-01 -9.551113324815173333e-02 -1.530068759643294363e-01 3.092030317794319805e-02 1.777745233421257343e-01 -9.005206972381098185e-02 2.637573314619548470e-02 -4.996032473211355768e-02 -1.251343342474392495e-01 1.052831717191689276e-01 -1.800198708823935179e-01 2.959246403274199636e-03 4.486870342452557031e-02 -5.076664734267632637e-03 1.799198448089064451e-03 4.981974969049990550e-04 1.057557088575561237e-02 -2.524692641685823222e-03 8.642574073644619355e-04 1.633204765232247613e-02 -4.534456777476385259e-02 5.194585330469060798e-03 -3.644097858231620541e-03 -3.492682969042102737e-04 2.333894262954292267e-02 -1.745507584038307261e-02 -4.586359191872485530e-02 1.908261652864552682e-02 2.244173691759303833e-03 -5.448929109766163098e-03 -1.079885904307540875e-02 4.021049692337947019e-03 -8.633766391737789092e-03 2.297229912058749643e-02 2.178257957909798814e-02 -1.746444341529711577e-02 -1.448272927212817173e-03 5.210848234867276885e-02 -8.331540572518796040e-02 -1.309882692844913619e-02 2.113534295315709632e-02 1.244503017678148110e-02 -4.217393307599867636e-02 -1.461772883025077435e-02 9.542346716595710016e-03 -3.444275521839207377e-02 5.088376342266306973e-02 -4.176442489113026818e-02 -1.168842299828969783e-02 -6.991154511675932992e-02 -5.766245636381167085e-03 6.900761560353236082e-03 3.149945823728169114e-01 -2.902021425186566365e-04 -4.658292943695523276e-03 7.729403487363574986e-03 2.450383349525647181e-01 -2.510321741879122950e-04 4.238851284107540197e-04 -4.399597512954066536e-01 1.193088769468902792e-02 1.460065668051226985e-02 5.225060439956233024e-03 -7.675651882673752147e-02 -4.392832220030881002e-02 -1.078679300887169512e-01 5.643534250021487592e-02 -2.658021468972656190e-02 1.903352393046400196e-03 8.478340945834570951e-06 -3.442807722648773353e-05 -6.110425241434325498e-05 2.154018397536856016e-05 6.270685105071589251e-03 1.504165043117524107e-04 -7.891005178873921949e-04 -1.559274659253381736e-04 1.151434580244936905e-04 -6.848767333610955577e-02 -3.906572225856057984e-02 1.109572547658910918e-01 -2.194813944552299195e-02 1.628740424919135343e-02 2.111508431476160075e-01 2.050748748208097993e-01 -1.831057747791288437e-01 1.104252929692766116e-01 -1.243543835923121704e-01 -2.343151932050198654e-03 -7.756032575087818564e-05 6.303427887221186936e-05 3.464634579704340702e-04 -1.152000467275317102e-04
6.365771380857989130e-04 3.094439692442951979e-03 -3.205651826997959596e-03 9.638514118892448773e-04 2.731163719747321632e-04 1.053508406024670791e-03 -1.598172901434522213e-03 4.924142030755057848e-04 -1.385413471525474534e-03 3.836746717639667997e-03 9.997882409930060055e-01 2.098787579888994695e-04 -2.315101784325760553e-03 1.501237489638789224e-01 2.306652650652010195e-01 5.748465864133366077e-02 1.203882148931549045e-01 1.189770570764149271e-01 2.024825838140015544e-01 4.508364468862346465e-03 1.057262108907540410e-01 1.718635912028076418e-01 -1.252046053922027391e-01 -2.484281281767690974e-01 -6.535655580725102665e-02 -1.197087023249274462e-01 6.059259736792767248e-02 2.199020275565957954e-04 -8.417460571113720424e-02 5.283461034472307360e-02 1.416766075472049476e-02 1.909445331635848081e-04 -4.730631406662953037e-02 2.152243299590063039e-02 1.280621107564376259e-04 -1.122034761941550704e-03 8.329986452519375084e-02 -7.889672269656690384e-02 1.859797503095989013e-02 1.637025108822369804e-02 -3.079218676589511733e-02 -1.923579201406489317e-02 1.690468604159205135e-02 1.579487145077055699e-03 -5.934905918135758261e-03 -6.174536936496519655e-03 3.214678502221708124e-03 -1.103995751918286812e-02 2.178273668788941603e-02 3.435989980879148708e-03 -1.180286479715813609e-02 -7.188190697562182180e-03 -1.161189629992627481e-02 -6.952477058964211156e-05 3.928301365118416766e-02 5.607035416060648621e-04 -2.913051532028275870e-03 4.846257652339311557e-03 1.223951037721793603e-02 -6.937082348073552200e-04 -2.300354320774913690e-03 -3.895313988981968095e-02 -2.020837724379986183e-02 6.535222673965963153e-03 -3.702808320597977994e-03 -1.370889637632959623e-01 8.539515819068846381e-02 -8.015086116476053887e-03 -1.912918318701771134e-03 -1.089345673568366951e-01 1.102963233660171072e-01 -6.594674945021327707e-03 -2.569697783320367464e-03 -2.705508047410435518e-03 1.200257111010523403e-02 1.530504586802054479e-01 -2.777172767711255197e-04 -5.782460572228349804e-02 -7.876605157777834265e-03 -4.426820029573260221e-03 6.544915852695305965e-03 3.450517383505845997e-02 2.609705801305580841e-03 1.330398633372754632e-03 5.938560178875524969e-06 -3.012631946692168955e-05 -3.864133568867940042e-05 1.608092117108317386e-05 -3.696684330005449177e-03 -1.071646998524323872e-04 4.645776542002590494e-04 2.403738117123639336e-04 -6.396003566675767819e-05 -2.034833454765784186e-02 -1.169741016890935188e-02 1.773421803512291103e-02 -3.869265546607060513e-02 1.116396347287490400e-03 1.451272478056660764e-01 1.412408659177646075e-01 3.101835222537694947e-01 -2.243142730811155672e-01 -1.660904842766942613e-01 9.121388766648939883e-03 2.277496344147560711e-04 2.110712226751395432e-04 -1.085857231784434929e-03 4.083227859822208478e-04
2.646099083837019856e-04 -3.703884909288120662e-04 2.258953054661320785e-03 -6.725677883156471349e-04 -1.522627782833875932e-04 4.714745926397204971e-06 1.150032825580089152e-03 -3.496721785809488929e-04 8.356895634388203679e-04 -2.812927728100265631e-03 2.098787579888994695e-04 1.001599474846234461e+00 -8.063631086481042032e-05 -1.007839919051785882e-01 -9.559397091046509254e-02 8.470826610668369394e-02 2.118574844968327264e-01 -7.988761702311034107e-02 -9.004609320571220488e-02 9.282295151584514514e-02 1.563590480961558060e-01 1.985824666950311290e-01 1.053082445186257071e-01 -6.535746606418894877e-02 -1.966439164625119473e-01 1.713243435864504338e-01 -3.516709756958602551e-02 -3.827814509273138872e-04 6.540178923637383901e-02 2.137366682831579393e-02 -8.237819595587409643e-03 -2.194932227061104372e-04 3.156260621752181306e-02 3.924539635842750522e-04 -8.094037115384712525e-04 9.666387192540997712e-04 -7.912062015997026188e-02 -3.916060030187499923e-03 8.906908976603270314e-03 -1.255481451028833163e-02 1.874581357272780968e-02 2.455418342022292963e-02 7.877424918378266722e-03 -1.214342274641289510e-03 4.020050693296090515e-03 5.845222180679217859e-03 -1.897660195608695652e-04 7.393006459062303017e-05 -1.746429651793986876e-02 -1.180241319129457511e-02 1.070680839436651688e-04 7.785793687604965208e-03 -1.026503283244356232e-02 2.100308564129891448e-02 2.564077703801689347e-03 1.953565539595812292e-02 -2.455966682044625603e-03 9.501873680503335196e-03 2.866824900978682741e-03 4.168463227334912903e-03 -1.847020742476965585e-02 -1.147270136307310638e-02 8.277231742459785838e-03 -5.364185772530545224e-03 2.414347915317409041e-02 1.306923616442593405e-04 -3.346831342580019130e-04 -7.157186252029193799e-03 -3.930859600233490604e-03 1.082725949596494277e-04 -2.518945724965026894e-04 -5.703582269216489822e-03 -3.019373233550341935e-03 7.723515975847128172e-03 1.457516295643490264e-02 -2.760938655767431892e-04 1.862202697287700659e-01 -4.804863566619819244e-04 -1.321057780579046846e-02 -7.577595461099480983e-03 -2.223260781841742556e-02 1.064406202676745905e-02 1.986844418117674274e-02 -1.024322609809860630e-03 -4.586546570158501249e-06 2.162522691789701317e-05 3.286072396465182532e-05 -6.110246153103316406e-06 -8.628033301583986530e-04 -2.116248146376237415e-05 1.155572653601571521e-04 2.170478973300677037e-05 3.021344606501553202e-05 -8.569609709001222916e-03 -4.867092122431120743e-03 1.621215677040449207e-02 -2.718907562571132915e-03 -1.740529259476657556e-02 -1.126481758150429391e-01 -1.098122789886206985e-01 -1.243474927132456331e-01 -5.910788513915006537e-02 -3.487305711060347257e-01 -5.268014804269318362e-03 -1.334857245195928668e-04 -1.160685590631886882e-04 6.751227344442166031e-04 -1.022796643191189217e-04
2.083841732670047367e-03 4.089446383460242779e-03 8.789285546640369885e-04 -4.075974619499495325e-04 9.179116897461659589e-05 1.720658583807915115e-03 4.543860643632965219e-04 -1.989326057726018655e-04 1.632600960820661912e-04 -1.205627755677385598e-03 -2.315101784325760553e-03 -8.063631086481042032e-05 9.973164735311551565e-01 -4.082579474045203161e-02 1.141647209099041632e-01 6.637578273632283032e-02 -9.978795645115594304e-02 -3.240394850782527675e-02 8.190747225948774579e-02 6.272352711081340126e-02 -8.090204280477998611e-02 -2.250197397675162553e-02 -1.800702147742566372e-01 -1.197049981348497216e-01 1.713236229388986065e-01 1.213527995863449005e-02 6.209510975535592094e-03 -8.877215139237744747e-04 -1.393864325236122970e-02 -1.055201945008901916e-02 1.392184352065232306e-03 -3.819058142057735325e-04 -6.135572881793271809e-03 -1.752343926223249313e-03 -4.147297001293154912e-04 1.760706427336425480e-03 1.852887871800509498e-02 8.878737494531260821e-03 1.433788092560620920e-03 -4.987115769268537190e-03 -3.613828807834419069e-03 1.174049637759117665e-02 -9.988099951336384952e-03 -4.902668021623102614e-04 3.995409824696149808e-04 2.625475054603945441e-03 -1.542132797552242009e-03 2.653809635307831979e-03 -1.447741628966872293e-03 -7.186904635574422121e-03 7.785096141281610573e-03 -2.288587878887317871e-03 -4.418375176214388300e-02 4.909172986669799871e-02 4.713730361043973888e-02 -2.624587361730790561e-02 -1.080649689861085637e-02 3.067553786411148647e-02 2.105193751972608829e-02 -1.005692779035598922e-02 3.363827832388776445e-02 -6.452042929633182433e-02 9.572501652582368755e-04 2.111616566154241384e-02 4.066076335152891963e-02 -2.372677684417710264e-01 1.472973502267181656e-01 -5.607669670265289473e-03 -1.813043136300437203e-02 -1.885337454016602909e-01 1.906943291856725009e-01 -5.363419746944071177e-03 -1.586152535760344817e-02 2.449695539406023317e-02 5.276401767678060017e-03 -5.782673951472084434e-02 -4.808435713258624373e-04 8.541365729351460545e-02 -5.739125750159521089e-02 -3.275372187680494762e-02 -6.259626639818276217e-02 6.763679892916986403e-02 -2.609952852417398231e-02 -4.202286749999751604e-04 -1.915240740325825914e-06 5.360744463962537975e-06 1.437769177141185316e-05 -6.627206474538522614e-06 -8.222235165138768592e-03 -2.305151380236671597e-04 1.048619848810218927e-03 4.087207765144503457e-04 -1.813526949988027517e-04 -6.593997040706447987e-02 -3.770977425752666812e-02 8.885812106531244814e-02 -5.604755599822314888e-02 1.928994623875200307e-02 -4.651487235525735009e-02 -4.581481110524282530e-02 2.083560864573066607e-01 -8.279322516511752883e-02 1.671216314850433315e-01 7.478777177734197840e-04 1.151805679425803638e-05 3.331206503084848595e-05 -8.225995434416546082e-05 -1.260394332054044445e-05
3.834090445624609989e-01 -2.254039185778343168e-01 3.866271681354425116e-01 -1.175374425910261644e-01 1.530217606913242268e-01 -1.197469269517880408e-01 2.055630169103930538e-01 -6.249509939630872035e-02 5.865391914959318387e-02 -1.929201694849261295e-01 1.501237489638789224e-01 -1.007839919051785882e-01 -4.082579474045203161e-02 9.987310776615707653e-01 -2.484688624213161282e-03 3.891780771166631595e-05 5.081131213260726206e-05 5.543516626553206539e-01 -1.287575770133407137e-03 2.035218146928968966e-05 2.609261537816408928e-05 4.430414394198217022e-06 -5.325845882194468875e-05 -3.085692869275304204e-03 1.696510983001669895e-03 -5.728705650560147371e-04 3.833219217894497377e-01 -2.319377192851150571e-01 -3.796110131443838354e-01 1.271022465766079024e-01 1.529743150160051135e-01 -1.232105980309182586e-01 -2.018189677851548736e-01 6.757100587629209787e-02 -6.527133770102169774e-02 1.949571830539945372e-01 1.398701159721947862e-01 -1.070137126829991819e-01 -4.154962804281283478e-02 6.627441913813096608e-02 -1.281422054573056746e-01 -6.952250555261890730e-02 2.539730336591502699e-02 1.378528767095458206e-02 -3.430351745369168009e-02 -1.885116006898341148e-02 6.875566290598770364e-03 -1.917706433500718580e-02 5.274537721369781940e-02 -1.185579871174514792e-02 -1.029253990784221445e-02 -4.488153909185572249e-02 2.807933863314040351e-02 -7.848799890413495073e-02 1.261425585114873049e-03 1.661964260093830737e-03 3.978037181627292439e-03 -1.478877066676496412e-02 2.375306631423102269e-04 3.131879160734355144e-04 -1.237080513978184009e-03 -9.410320006167108503e-04 -1.699916290195532462e-02 9.414251770340296814e-05 -2.922223406346733873e-02 6.614955491365238915e-02 -1.266580331126126169e-01 7.345206482854668706e-02 -2.004708823260769116e-02 1.374914540230981995e-02 -3.387380183444980986e-02 1.988738148593784810e-02 -5.439213492746075747e-03 1.511418564045680264e-02 -5.502833862046310753e-02 -8.883340567527774762e-03 -8.567964109605226766e-03 -4.452634926554446121e-02 5.589257309736260781e-01 2.994416372888731859e-01 4.293773365840732326e-01 -6.570944767905508715e-03 -8.463008255448148040e-03 9.822278902772579173e-03 4.967340042521367063e-04 -1.611532659896786675e-03 -1.163043757572411810e-03 4.107737928600207122e-04 2.592108059051332486e-03 3.489438854564796185e-05 -2.121809947767715275e-04 3.457688261929216351e-06 4.693754172545142834e-06 9.804835561848780634e-03 4.952433878582609451e-04 -1.585241140557911267e-03 1.210637769301100772e-03 -3.427237149596046133e-04 1.371504942856686393e-01 3.798896104164736776e-02 -7.255570596858448330e-03 8.927355307047443733e-02 -2.830653623801058713e-02 1.369533791578900483e-01 3.790434231189224179e-02 -8.831232366283100696e-03 -8.886530584464207017e-02 2.855537946112111231e-02
